0.453846153846154
0.453846153846154
0.461848864142365
0.51846153838756
0.51846153838756
0.480501420652251
0.453846153846154
0.453846153846154
0.461848864140886
0.461848864140886
0.518461538426029
0.518461538426029
0.480501420832758
0.480501420832758
0.453846153846154
0.453846153846154
0.461848864096499
0.518461538442304
0.518461538442304
0.453846153846154
0.453846153846154
0.453846153846154
0.453846153846154
0.453846153846154
0.453846153846154
0.453846153846154
0.461848864142365
0.461848864096499
0.480501420652251
0.480501420838677
0.453846153846154
0.453846153846154
0.453846153846154
0.453846153846154
0.453846153846154
0.453846153846154
0.518461538414192
0.518461538414192
0.518461538414192
0.518461538414192
0.518461538414192
0.518461538414192
0.518461538414192
0.518461538414192
0.518461538414192
0.518461538453648
0.453846153846154
0.453846153846154
0.480501420874186
0.480501420874186
0.453846153846154
0.453846153846154
0.453846153846154
0.453846153846154
0.463851633647659
0.463852288064094
0.482495918417374
0.453846153846154
0.453846153846154
0.483770711541566
0.483767830496461
0.483771446511685
0.483767488353974
0.48376778763468
0.483767731275432
0.483767731275432
0.453846153846154
0.453846153846154
0.46184886388492
0.46184886388492
0.518461538447557
0.518461538447557
0.518461538447557
0.518461538447557
0.518461538447557
0.518461538447557
0.518461538447557
0.518461538447557
0.518461538447557
0.518461538447557
0.518461538447557
0.518461538447557
0.518461538447557
0.518461538447557
0.518461538447557
0.518461538447557
0.518461538447557
0.518461538447557
0.458822128682805
0.453846153846154
0.453846153846154
0.453846153846154
0.453846153846154
0.461848864093539
0.461848864093539
0.453846153846154
0.453846153846154
0.453846153846154
0.453846153846154
0.453846153846154
0.453846153846154
0.453846153846154
0.453846153846154
0.453846153846154
0.453846153846154
0.453846153846154
0.453846153846154
0.453846153846154
0.453846153846154
0.453846153846154
0.453846153846154
0.453846153846154
0.453846153846154
0.457585053994032
0.457585053994032
0.465916030562487
0.465916030562487
0.478923328764494
0.478923328764494
0.473959361195121
0.473959361195121
0.467035503337286
0.467035503337286
0.458822128682805
0.473081681286597
0.473081681286597
0.478353044424496
0.478353044424496
0.481228379840099
0.481228379840099
0.481424537621677
0.481424537621677
0.518461538414192
0.518461538414192
0.518461538414192
0.518461538414192
0.518461538414192
0.518461538414192
0.518461538414192
0.518461538414192
0.518461538414192
0.453846153846154
0.453846153846154
0.453846153846154
0.453846153846154
0.453846153846154
0.453846153846154
0.453846153846154
0.453846153846154
0.453846153846154
0.453846153846154
0.453846153846154
0.453846153846154
0.453846153846154
0.453846153846154
0.453846153846154
0.453846153846154
0.453846153846154
0.453846153846154
0.453846153846154
0.453846153846154
0.453846153846154
0.453846153846154
0.453846153846154
0.453846153846154
0.453846153846154
0.453846153846154
0.453846153846154
0.453846153846154
0.453846153846154
0.453846153846154
0.453846153846154
0.453846153846154
0.480501420705515
0.518461538437865
0.480501420712135
0.453846153846154
0.453846153846154
0.453846153846154
0.453846153846154
0.480501420712135
0.453846153846154
0.518461538437865
0.480501420712135
0.453846153846154
0.453846153846154
0.518461538453648
0.518461538453648
0.453846153846154
0.453846153846154
0.453846153846154
0.453846153846154
0.453846153846154
0.453846153846154
0.453846153846154
0.453846153846154
0.453846153846154
0.453846153846154
0.461848864100937
0.461848864100937
0.453846153846154
0.518461538453648
0.518461538453648
0.480501420705515
0.480501420712135
0.453846153846154
0.453846153846154
0.453846153846154
0.453846153846154
0.453846153846154
0.453846153846154
0.453846153846154
0.453846153846154
0.453846153846154
0.453846153846154
0.453846153846154
0.453846153846154
0.453846153846154
0.453846153846154
0.453846153846154
0.453846153846154
0.453846153846154
0.453846153846154
0.475375220800422
0.470146185145713
0.470146185145713
0.464910500050268
0.459550575451886
0.460897914156886
0.469040949338937
0.477259369376924
0.459679724729186
0.453846153846154
0.453846153846154
0.453846153846154
0.453846153846154
0.453846153846154
0.453846153846154
0.453846153846154
0.453846153846154
0.453846153846154
0.453846153846154
0.481568639860252
0.481568639860252
0.479995120200242
0.479995120200242
0.475375220800422
0.464910500050268
0.459550271750102
0.454017204540693
0.454017204540693
0.460897914156886
0.469040949338937
0.477259369376924
0.453846153846154
0.453846153846154
0.453846153846154
0.453846153846154
0.453846153846154
0.453846153846154
0.453846153846154
0.453846153846154
0.453846153846154
0.453846153846154
0.453846153846154
0.453846153846154
0.453846153846154
0.453846153846154
0.453846153846154
0.453846153846154
0.453846153846154
0.453846153846154
0.520829920751758
0.518548623613799
0.515386988978252
0.511569739395208
0.507344016727935
0.503006028169675
0.498851454912952
0.495158897823229
0.492180480464892
0.490121677544386
0.489127548588744
0.489258824417627
0.490506151849999
0.49279073871891
0.495939681411738
0.499764563449076
0.503991641740536
0.508330044432082
0.512484617688805
0.516176760645242
0.519153822379393
0.521208225736568
0.522206961579549
0.52207724818413
0.518461538397803
0.518461538397803
0.518461538397803
0.518461538397803
0.518461538397803
0.518461538397803
0.518461538397803
0.518461538397803
0.518461538397803
0.518461538397803
0.518461538397803
0.518461538397803
0.518461538397803
0.518461538397803
0.518461538397803
0.518461538397803
0.518461538397803
0.518461538397803
0.518461538397803
0.518461538397803
0.518461538397803
0.518461538397803
0.518461538397803
0.518461538397803
0.518461538397803
0.518461538397803
0.518461538397803
0.518461538397803
0.518461538397803
0.518461538397803
0.518461538397803
0.518461538397803
0.518461538397803
0.518461538397803
0.518461538397803
0.518461538397803
0.518461538397803
0.518461538397803
0.518461538397803
0.518461538397803
0.518461538397803
0.518461538397803
0.518461538397803
0.453846153846154
0.453846153846154
0.478922037103553
0.473078560283181
0.518461538397803
0.458817879764687
0.453846153846154
0.478353044438196
0.478353044438196
0.48122915156621
0.481424937428431
0.453846153846154
0.453846153846154
0.453846153846154
0.453846153846154
0.453846153846154
0.453846153846154
0.453846153846154
0.453846153846154
0.47396234546468
0.467035503190916
0.458817879764687
0.453846153846154
0.453846153846154
0.453846153846154
0.453846153846154
0.4575821033761
0.4575821033761
0.465918713703195
0.465918713703195
0.478922037103553
0.47396234546468
0.467035503190916
0.473078560283181
0.48122915156621
0.481424937428431
0.453846153846154
0.453846153846154
0.453846153846154
0.453846153846154
0.453846153846154
0.46184886409058
0.46184886409058
0.453846153846154
0.453846153846154
0.453846153846154
0.461848863947062
0.461848863947062
0.518461538439345
0.518461538439345
0.453846153846154
0.453846153846154
0.480501420693679
0.480501420693679
0.453846153846154
0.453846153846154
0.453846153846154
0.461848864062468
0.461848864062468
0.518461538446743
0.518461538446743
0.480501420705515
0.480501420705515
0.453846153846154
0.453846153846154
0.453846153846154
0.453846153846154
0.518461538454141
0.518461538454141
0.453846153846154
0.453846153846154
0.453846153846154
0.453846153846154
0.453846153846154
0.453846153846154
0.461848863997368
0.461848863997368
0.46184886409058
0.518461538437865
0.518461538437865
0.480501420832758
0.480501420832758
0.453846153846154
0.518461538448222
0.518461538448222
0.518461538448222
0.461848864047673
0.518461538449702
0.518461538449702
0.518461538449702
0.518461538449702
0.518461538448222
0.461848864047673
0.453846153846154
0.453846153846154
0.453846153846154
0.453846153846154
0.480501420886023
0.480501420886023
0.461848864026959
0.461848864026959
0.453846153846154
0.453846153846154
0.453846153846154
0.453846153846154
0.480501420868268
0.518461538449702
0.518461538449702
0.461848863933746
0.461848863933746
0.453846153846154
0.453846153846154
0.453846153846154
0.480501420886023
0.461848863950021
0.461848863950021
0.518461538437865
0.518461538437865
0.480501420832758
0.480501420832758
0.453846153846154
0.453846153846154
0.480501420868268
0.518461538449702
0.518461538449702
0.518461538449702
0.518461538449702
0.518461538449702
0.518461538449702
0.453846153846154
0.453846153846154
0.453846153846154
0.480501420886023
0.461848863970735
0.461848863970735
0.453846153846154
0.453846153846154
0.453846153846154
0.461848863887879
0.461848863887879
0.461848863887879
0.461848863887879
0.453846153846154
0.453846153846154
0.453846153846154
0.453846153846154
0.518461538449702
0.518461538449702
0.518461538449702
0.518461538449702
0.518461538449702
0.518461538449702
0.518461538449702
0.518461538449702
0.518461538449702
0.518461538449702
0.518461538449702
0.518461538449702
0.518461538449702
0.518461538449702
0.518461538449702
0.518461538449702
0.453846153846154
0.453846153846154
0.453846153846154
0.453846153846154
0.453846153846154
0.453846153846154
0.453846153846154
0.453846153846154
0.453846153846154
0.453846153846154
0.453846153846154
0.453846153846154
0.453846153846154
0.453846153846154
0.453846153846154
0.453846153846154
0.453846153846154
0.453846153846154
0.453846153846154
0.453846153846154
0.480501420684802
0.480501420684802
0.453846153846154
0.453846153846154
0.461848863905634
0.461848863905634
0.453846153846154
0.453846153846154
0.480501420721791
0.480501420721791
0.480501420743984
0.480501420743984
0.453846153846154
0.453846153846154
0.461848863905634
0.461848863905634
0.453846153846154
0.453846153846154
0.480501420780973
0.480501420780973
0.453846153846154
0.453846153846154
0.453846153846154
0.453846153846154
0.453846153846154
0.518461538452661
0.453846153846154
0.461848864097978
0.461848864097978
0.453846153846154
0.453846153846154
0.453846153846154
0.453846153846154
0.461848864097978
0.453846153846154
0.453846153846154
0.453846153846154
0.518461538452661
0.518461538452661
0.461848864139406
0.461848864139406
0.480501420730668
0.453846153846154
0.453846153846154
0.453846153846154
0.453846153846154
0.461848864114688
0.453846153846154
0.453846153846154
0.453846153846154
0.453846153846154
0.453846153846154
0.453846153846154
0.453846153846154
0.453846153846154
0.453846153846154
0.453846153846154
0.453846153846154
0.453846153846154
0.453846153846154
0.453846153846154
0.453846153846154
0.453846153846154
0.461848864114688
0.518461538452661
0.518461538452661
0.480501420751629
0.518461538452661
0.518461538452661
0.48050142079429
0.453846153846154
0.48050142079429
0.46184886409058
0.46184886409058
0.518461538452661
0.518461538452661
0.518461538452661
0.518461538452661
0.453846153846154
0.453846153846154
0.453846153846154
0.453846153846154
0.453846153846154
0.518461538448222
0.453846153846154
0.453846153846154
0.453846153846154
0.453846153846154
0.453846153846154
0.453846153846154
0.453846153846154
0.453846153846154
0.453846153846154
0.453846153846154
0.453846153846154
0.453846153846154
0.453846153846154
0.453846153846154
0.453846153846154
0.453846153846154
0.518461538449702
0.453846153846154
0.453846153846154
0.480501420698118
0.453846153846154
0.453846153846154
0.461848864156116
0.461848864156116
0.453846153846154
0.453846153846154
0.453846153846154
0.453846153846154
0.453846153846154
0.453846153846154
0.480501420726477
0.480501420726477
0.518461538449702
0.453846153846154
0.453846153846154
0.453846153846154
0.453846153846154
0.453846153846154
0.518461538449702
0.518461538449702
0.518461538449702
0.518461538449702
0.453846153846154
0.453846153846154
0.518461538449702
0.518461538449702
0.480501420751629
0.48050142079429
0.453846153846154
0.453846153846154
0.480501420884543
0.453846153846154
0.453846153846154
0.453846153846154
0.453846153846154
0.453846153846154
0.453846153846154
0.453846153846154
0.453846153846154
0.453846153846154
0.453846153846154
0.453846153846154
0.453846153846154
0.453846153846154
0.480501420866788
0.480501420866788
0.453846153846154
0.453846153846154
0.453846153846154
0.453846153846154
0.480501420884543
0.461848864084662
0.461848864084662
0.453846153846154
0.518461538448222
0.453846153846154
0.453846153846154
0.453846153846154
0.453846153846154
0.518461538452661
0.453846153846154
0.518461538452661
0.518461538452661
0.480501420868268
0.480501420868268
0.453846153846154
0.518461538449702
0.518461538449702
0.518461538449702
0.518461538449702
0.46184886398997
0.46184886398997
0.480501420730668
0.453846153846154
0.453846153846154
0.453846153846154
0.453846153846154
0.453846153846154
0.453846153846154
0.453846153846154
0.453846153846154
0.453846153846154
0.518461538452661
0.518461538452661
0.453846153846154
0.518461538448222
0.453846153846154
0.453846153846154
0.453846153846154
0.518461538448222
0.518461538448222
0.518461538448222
0.518461538448222
0.518461538448222
0.518461538448222
0.518461538448222
0.518461538448222
0.518461538448222
0.518461538448222
0.518461538448222
0.518461538448222
0.518461538448222
0.518461538448222
0.453846153846154
0.476487111196311
0.471543118192008
0.471543118192008
0.453846153846154
0.453846153846154
0.453846153846154
0.453846153846154
0.453846153846154
0.453846153846154
0.453846153846154
0.453846153846154
0.453846153846154
0.453846153846154
0.453846153846154
0.51846153845562
0.51846153845562
0.51846153845562
0.51846153845562
0.51846153845562
0.51846153845562
0.51846153845562
0.51846153845562
0.51846153845562
0.51846153845562
0.51846153845562
0.479509477813055
0.479509477813055
0.476487111196311
0.453846153846154
0.453846153846154
0.453846153846154
0.453846153846154
0.453846153846154
0.453846153846154
0.453846153846154
0.453846153846154
0.453846153846154
0.476353463201557
0.476353463201557
0.480447752213107
0.480447752213107
0.481657502409838
0.481657502409838
0.481196426936862
0.481196426936862
0.453846153846154
0.453846153846154
0.461848864053686
0.453846153846154
0.453846153846154
0.453846153846154
0.453846153846154
0.453846153846154
0.453846153846154
0.461848864053686
0.518461538452661
0.518461538452661
0.453846153846154
0.453846153846154
0.453846153846154
0.453846153846154
0.481267755053893
0.481414230614639
0.458600352810436
0.453846153846154
0.453846153846154
0.453846153846154
0.453846153846154
0.474709990905022
0.518461538396807
0.518461538396807
0.453846153846154
0.518461538461538
